4480676
4480677
4480678
4480679
4480680
4480681
4480682
4480683
4480684
4480685
4480686
4480687
4480688
4480689
4480690
4480691
4480692
4480693
4480694
4480695
4480696
4480697
4480698
4480699
4480700
4480701
4480702
4480703
4480704
4480705
4480706
4480707
4480708
4480709
4480710
4480711
4480712
4480713
4480714
4480715
4480716
4480717
4480718
4480719
4480720
4480721
4480722
4480723
4480724
4480725
4480726
4480727
4480728
4480729
4480730
4480731
4480732
4480733
4480734
4480735
4480736
4480737
4480738
4480739
4480740
4480741
4480742
4480743
4480744
4480745
4480746
4480747
4480748
4480749
4480750
4480751
4480752
4480753
4480755
4480756
4480757
4480758
4480759
4480760
4480761
4480765
4480766
4480767
4480768
4480769
4480770
4480771
4480772
4480773
4480774
4480775
4480776
4480777
4480778
4480779
4480780
4480781
4480782
4480783
4480784
4480785
4480786
4480787
4480788
4480789
4480790
4480791
4480792
4480793
4480794
4480795
4480796
4480797
4480798
4480799
4480800
4480801
4480802
4480803
4480804
4480805
4480806
4480807
4480808
4480809
4480810
4480811
4480812
4480813
4480814
4480815
4480816
4480817
4480818
4480819
4480820
4480821
4480822
4480823
4480824
4480825
4480826
4480827
4480828
4480829
4480830
4480831
4480832
4480833
4480834
4480835
4480836
4480837
4480838
4480839
4480840
4480841
4480842
4480843
4480844
4480845
4480846
4480847
4480848
4480849
4480858
4480859
4480860
4480861
4480862
4480863
4480864
4480865
4480866
4480867
4480868
4480869
4480870
4480871
4480872
4480873
4480874
4480875
4480876
4480877
4480878
4480879
4480880
4480881
4480882
4480883
4480884
4480885
4480886
4480887
4480888
4480889
4480890
4480891
4480892
4480893
4480894
4480895
4480896
4480897
4480898
4480899
4480900
4480901
4480902
4480903
4480904
4480905
4480906
4480907
4480908
4480909
4480910
4480911
4480912
4480913
4480914
4480915
4480916
4480917
4480918
4480919
4480920
4480921
4480922
4480923
4480924
4480925
4480926
4480927
4480928
4480929
4480930
4480931
4480932
4480933
4480934
4480935
4480936
4480937
4480938
4480939
4480940
4480941
4480942
4480948
4480949
4480950
4480951
4480952
4480953
4480954
4480955
4480956
4480957
4480958
4480959
4480960
4480961
4480962
4480963
4480964
4480965
4480966
4480967
4480969
4480970
4480971
4480972
4480973
4480974
4480975
4480976
4480977
4480978
4480979
4480980
4480981
4480982
4480983
4480984
4480985
4480986
4480987
4480988
4480989
4480990
4480991
4480992
4480993
4480994
4480995
4480996
4480997
4480998
4480999
4481000
4481001
4481002
4481003
4481004
4481005
4481006
4481007
4481008
4481009
4481010
4481011
4481012
4481013
4481014
4481015
4481016
4481017
4481018
4481019
4481020
4481021
4481022
4481023
4481024
4481025
4481026
4481027
4481028
4481029
4481030
4481031
4481032
4481033
4481057
4481058
4481059
4481060
4481061
4481062
4481063
4481064
4481065
4481066
4481067
4481068
4481069
4481071
4481072
4481073
4481074
4481076
4481077
4481078
4481079
4481081
4481082
4481083
4481085
4481086
4481087
4481088
4481090
4481091
4481092
4481093
4481094
4481095
4481096
4481097
4481098
4481099
4481100
4481101
4481102
4481103
4481104
4481105
4481106
4481107
4481108
4481109
4481110
4481111
4481112
4481113
4481114
4481115
4481116
4481117
4481118
4481119
4481120
4481121
4481122
4481123
4481124
4481125
4481126
4481127
4481128
4481129
4481130
4481131
4481132
4481133
4481134
4481135
4481136
4481137
4481138
4481139
4481140
4481141
4481142
4481143
4481144
4481145
4481146
4481227
4481228
4481229
4481230
4481231
4481232
4481233
4481234
4481235
4481236
4481237
4481238
4481239
4481240
4481241
4481242
4481243
4481244
4481245
4481246
4481247
4481248
4481249
4481250
4481251
4481252
4481253
4481254
4481255
4481256
4481257
4481258
4481259
4481260
4481261
4481262
4481263
4481264
4481265
4481266
4481267
4481268
4481269
4481270
4481271
4481272
4481273
4481274
4481275
4481276
4481277
4481278
4481279
4481280
4481281
4481282
4481283
4481284
4481285
4481286
4481287
4481288
4481289
4481290
4481291
4481292
4481293
4481294
4481295
4481296
4481297
4481298
4481299
4481300
4481301
4481302
4481303
4481304
4481305
4481306
4481307
4481308
4481309
4481310
4481311
4481319
4481320
4481321
4481322
4481323
4481324
4481325
4481326
4481327
4481328
4481329
4481330
4481331
4481332
4481333
4481334
4481335
4481336
4481337
4481338
4481339
4481340
4481341
4481342
4481343
4481344
4481345
4481346
4481347
4481348
4481349
4481350
4481351
4481353
4481354
4481355
4481356
4481357
4481358
4481359
4481360
4481361
4481362
4481363
4481364
4481365
4481366
4481367
4481368
4481369
4481370
4481371
4481372
4481373
4481374
4481375
4481376
4481377
4481378
4481379
4481380
4481381
4481382
4481383
4481384
4481385
4481386
4481387
4481388
4481389
4481390
4481391
4481392
4481393
4481394
4481395
4481396
4481397
4481398
4481399
4481400
4481401
4481402
4481403
4481404
4481484
4481485
4481486
4481487
4481488
4481489
4481490
4481491
4481492
4481493
4481494
4481495
4481496
4481497
4481498
4481499
4481500
4481501
4481502
4481503
4481504
4481505
4481506
4481507
4481508
4481509
4481510
4481511
4481512
4481513
4481514
4481515
4481516
4481517
4481518
4481519
4481520
4481521
4481522
4481523
4481524
4481525
4481526
4481527
4481528
4481529
4481530
4481531
4481532
4481533
4481534
4481535
4481536
4481537
4481538
4481539
4481540
4481541
4481542
4481543
4481544
4481545
4481546
4481547
4481548
4481549
4481550
4481551
4481552
4481553
4481554
4481555
4481556
4481557
4481558
4481559
4481560
4481561
4481562
4481563
4481564
4481565
4481566
4481567
4481568
4481580
4481581
4481582
4481583
4481584
4481585
4481586
4481587
4481588
4481589
4481590
4481591
4481592
4481593
4481594
4481595
4481596
4481597
4481598
4481599
4481600
4481601
4481602
4481603
4481604
4481605
4481606
4481607
4481608
4481609
4481610
4481611
4481612
4481613
4481614
4481615
4481616
4481617
4481618
4481619
4481620
4481621
4481622
4481623
4481624
4481625
4481626
4481627
4481628
4481629
4481630
4481631
4481632
4481633
4481634
4481635
4481636
4481637
4481638
4481639
4481640
4481641
4481642
4481643
4481644
4481645
4481646
4481647
4481648
4481649
4481650
4481651
4481652
4481653
4481654
4481655
4481656
4481657
4481658
4481659
4481660
4481661
4481662
4481663
4481664
4481695
4481696
4481697
4481698
4481699
4481700
4481701
4481702
4481703
4481704
4481705
4481706
4481707
4481708
4481709
4481710
4481711
4481712
4481713
4481714
4481715
4481716
4481717
4481718
4481719
4481720
4481721
4481722
4481723
4481724
4481725
4481726
4481727
4481728
4481729
4481730
4481731
4481732
4481733
4481734
4481735
4481736
4481737
4481738
4481739
4481740
4481741
4481742
4481743
4481744
4481745
4481746
4481747
4481748
4481749
4481750
4481751
4481752
4481753
4481754
4481755
4481756
4481757
4481758
4481759
4481760
4481761
4481762
4481763
4481764
4481765
4481766
4481767
4481768
4481769
4481770
4481771
4481772
4481773
4481774
4481775
4481776
4481777
4481778
4481779
4481821
4481822
4481823
4481824
4481825
4481826
4481827
4481828
4481829
4481830
4481831
4481832
4481833
4481834
4481835
4481836
4481837
4481838
4481839
4481840
4481841
4481842
4481843
4481844
4481845
4481846
4481847
4481848
4481849
4481850
4481851
4481852
4481853
4481854
4481855
4481856
4481857
4481858
4481859
4481860
4481861
4481862
4481863
4481864
4481865
4481866
4481867
4481868
4481869
4481870
4481871
4481872
4481873
4481874
4481875
4481876
4481877
4481878
4481879
4481880
4481881
4481882
4481883
4481884
4481885
4481886
4481887
4481888
4481889
4481890
4481891
4481892
4481893
4481894
4481895
4481896
4481897
4481898
4481899
4481900
4481901
4481902
4481903
4481904
4481905
4481926
4481927
4481928
4481929
4481930
4481931
4481932
4481933
4481934
4481935
4481936
4481937
4481938
4481939
4481940
4481941
4481942
4481943
4481944
4481945
4481946
4481947
4481948
4481949
4481950
4481951
4481952
4481953
4481954
4481955
4481956
4481957
4481958
4481959
4481960
4481961
4481962
4481963
4481964
4481965
4481966
4481967
4481968
4481969
4481970
4481971
4481972
4481973
4481974
4481975
4481976
4481977
4481978
4481979
4481980
4481981
4481982
4481983
4481984
4481985
4481986
4481987
4481988
4481989
4481990
4481991
4481992
4481993
4481994
4481995
4481997
4481999
4482000
4482001
4482002
4482003
4482004
4482005
4482007
4482008
4482009
4482010
4482011
4482012
4482013
4482148
4482149
4482150
4482151
4482152
4482153
4482154
4482155
4482156
4482157
4482158
4482159
4482160
4482161
4482162
4482163
4482164
4482165
4482166
4482167
4482168
4482169
4482170
4482171
4482172
4482173
4482174
4482175
4482176
4482177
4482178
4482179
4482180
4482181
4482182
4482183
4482184
4482185
4482186
4482187
4482188
4482189
4482190
4482191
4482192
4482193
4482194
4482195
4482196
4482197
4482198
4482199
4482200
4482201
4482202
4482203
4482204
4482205
4482206
4482207
4482208
4482209
4482210
4482211
4482212
4482213
4482214
4482215
4482216
4482217
4482218
4482219
4482220
4482221
4482222
4482223
4482224
4482225
4482226
4482227
4482228
4482229
4482230
4482231
4482232
4482245
4482246
4482247
4482248
4482249
4482250
4482251
4482252
4482253
4482254
4482255
4482256
4482257
4482258
4482259
4482260
4482261
4482262
4482263
4482264
4482265
4482266
4482267
4482268
4482269
4482270
4482271
4482272
4482273
4482274
4482275
4482276
4482277
4482278
4482279
4482280
4482281
4482282
4482283
4482284
4482285
4482286
4482287
4482288
4482289
4482290
4482291
4482292
4482293
4482294
4482295
4482296
4482297
4482298
4482299
4482300
4482301
4482302
4482303
4482304
4482305
4482306
4482307
4482308
4482309
4482310
4482311
4482312
4482313
4482314
4482315
4482316
4482317
4482318
4482319
4482320
4482321
4482322
4482323
4482324
4482325
4482326
4482327
4482328
4482329
4482342
4482343
4482344
4482345
4482346
4482347
4482348
4482349
4482350
4482351
4482352
4482353
4482354
4482355
4482356
4482357
4482358
4482359
4482360
4482361
4482362
4482363
4482364
4482365
4482366
4482367
4482368
4482369
4482370
4482371
4482372
4482373
4482374
4482375
4482376
4482377
4482378
4482379
4482380
4482381
4482382
4482383
4482384
4482385
4482386
4482387
4482388
4482389
4482390
4482391
4482392
4482393
4482394
4482395
4482396
4482397
4482398
4482399
4482400
4482401
4482402
4482403
4482404
4482405
4482406
4482407
4482408
4482409
4482410
4482411
4482412
4482413
4482414
4482415
4482416
4482417
4482418
4482419
4482420
4482421
4482422
4482423
4482424
4482426
4482428
4482450
4482451
4482452
4482453
4482454
4482455
4482456
4482457
4482458
4482459
4482460
4482461
4482462
4482463
4482464
4482465
4482466
4482467
4482468
4482469
4482470
4482471
4482472
4482473
4482474
4482475
4482476
4482477
4482478
4482479
4482480
4482481
4482482
4482483
4482484
4482485
4482486
4482487
4482488
4482489
4482490
4482491
4482492
4482493
4482494
4482495
4482496
4482497
4482498
4482499
4482500
4482501
4482502
4482503
4482504
4482505
4482506
4482507
4482508
4482509
4482510
4482511
4482512
4482513
4482514
4482515
4482516
4482517
4482518
4482519
4482520
4482521
4482522
4482523
4482524
4482525
4482526
4482527
4482528
4482529
4482530
4482531
4482532
4482533
4482534
4482536
4482537
4482538
4482539
4482540
4482541
4482542
4482543
4482544
4482545
4482546
4482547
4482548
4482549
4482550
4482551
4482552
4482553
4482554
4482555
4482556
4482557
4482558
4482559
4482560
4482561
4482562
4482563
4482564
4482565
4482566
4482567
4482568
4482569
4482570
4482571
4482572
4482573
4482574
4482575
4482576
4482577
4482578
4482579
4482580
4482581
4482582
4482583
4482584
4482585
4482586
4482587
4482588
4482589
4482590
4482591
4482592
4482593
4482594
4482595
4482596
4482597
4482598
4482599
4482600
4482601
4482602
4482603
4482604
4482605
4482606
4482607
4482608
4482609
4482610
4482611
4482612
4482613
4482614
4482615
4482616
4482617
4482618
4482619
4482620
4482629
4482630
4482631
4482632
4482633
4482634
4482635
4482636
4482637
4482638
4482639
4482640
4482641
4482642
4482643
4482644
4482645
4482646
4482647
4482648
4482649
4482650
4482651
4482652
4482653
4482654
4482655
4482656
4482657
4482658
4482659
4482660
4482661
4482662
4482663
4482664
4482665
4482666
4482667
4482668
4482669
4482670
4482671
4482672
4482673
4482674
4482675
4482676
4482677
4482678
4482679
4482680
4482681
4482682
4482683
4482684
4482685
4482686
4482687
4482688
4482689
4482690
4482691
4482692
4482693
4482694
4482695
4482696
4482697
4482698
4482699
4482700
4482701
4482702
4482703
4482704
4482705
4482706
4482707
4482708
4482709
4482710
4482711
4482712
4482713
4482797
4482798
4482799
4482800
4482801
4482802
4482803
4482804
4482805
4482806
4482807
4482808
4482809
4482810
4482811
4482812
4482813
4482814
4482815
4482816
4482817
4482818
4482819
4482820
4482821
4482822
4482823
4482824
4482825
4482826
4482827
4482828
4482829
4482830
4482831
4482832
4482833
4482834
4482835
4482836
4482837
4482838
4482839
4482840
4482841
4482842
4482843
4482844
4482845
4482846
4482847
4482848
4482849
4482850
4482851
4482852
4482853
4482854
4482855
4482856
4482857
4482858
4482859
4482860
4482861
4482862
4482863
4482864
4482865
4482866
4482867
4482868
4482869
4482870
4482871
4482872
4482873
4482874
4482875
4482876
4482877
4482878
4482879
4482880
4482881
4482896
4482897
4482898
4482899
4482900
4482901
4482903
4482904
4482905
4482906
4482907
4482908
4482909
4482910
4482911
4482912
4482913
4482914
4482915
4482916
4482917
4482918
4482919
4482920
4482921
4482922
4482923
4482924
4482925
4482926
4482927
4482928
4482929
4482930
4482931
4482932
4482933
4482934
4482935
4482936
4482937
4482938
4482939
4482940
4482941
4482942
4482943
4482944
4482945
4482946
4482947
4482948
4482949
4482950
4482951
4482952
4482953
4482954
4482955
4482956
4482957
4482958
4482959
4482960
4482961
4482962
4482963
4482964
4482965
4482966
4482967
4482968
4482969
4482970
4482971
4482972
4482973
4482974
4482975
4482976
4482977
4482978
4482979
4482980
4482981
4482998
4482999
4483000
4483001
4483002
4483003
4483004
4483005
4483006
4483007
4483008
4483009
4483010
4483011
4483012
4483013
4483014
4483015
4483016
4483017
4483018
4483019
4483020
4483021
4483022
4483023
4483024
4483025
4483026
4483027
4483028
4483029
4483030
4483031
4483032
4483033
4483034
4483035
4483036
4483037
4483038
4483039
4483040
4483041
4483042
4483043
4483044
4483045
4483046
4483047
4483048
4483049
4483050
4483051
4483052
4483053
4483054
4483055
4483056
4483057
4483058
4483059
4483060
4483061
4483062
4483063
4483064
4483065
4483066
4483067
4483068
4483069
4483070
4483071
4483072
4483073
4483074
4483075
4483076
4483077
4483078
4483079
4483080
4483081
4483082
4483174
4483175
4483176
4483177
4483178
4483179
4483180
4483181
4483182
4483183
4483184
4483185
4483186
4483187
4483188
4483189
4483190
4483191
4483192
4483193
4483194
4483195
4483196
4483197
4483198
4483199
4483200
4483201
4483202
4483203
4483204
4483205
4483206
4483207
4483208
4483209
4483210
4483211
4483212
4483213
4483214
4483215
4483216
4483217
4483218
4483219
4483220
4483221
4483222
4483223
4483224
4483225
4483226
4483227
4483228
4483229
4483230
4483231
4483232
4483233
4483234
4483235
4483236
4483237
4483238
4483239
4483240
4483241
4483242
4483243
4483244
4483245
4483246
4483247
4483248
4483249
4483250
4483251
4483252
4483253
4483254
4483255
4483256
4483257
4483258
4483286
4483287
4483288
4483289
4483290
4483291
4483292
4483293
4483294
4483295
4483296
4483297
4483298
4483299
4483300
4483301
4483302
4483303
4483304
4483305
4483306
4483307
4483308
4483309
4483310
4483311
4483312
4483313
4483314
4483315
4483316
4483317
4483318
4483319
4483320
4483321
4483322
4483323
4483324
4483325
4483326
4483327
4483328
4483329
4483330
4483331
4483332
4483333
4483334
4483335
4483336
4483337
4483338
4483339
4483340
4483341
4483342
4483343
4483344
4483345
4483346
4483347
4483348
4483349
4483350
4483351
4483352
4483353
4483354
4483355
4483356
4483357
4483358
4483359
4483360
4483361
4483362
4483363
4483364
4483365
4483366
4483367
4483368
4483369
4483370
4483373
4483374
4483375
4483376
4483377
4483378
4483379
4483380
4483381
4483382
4483383
4483384
4483385
4483386
4483387
4483388
4483389
4483390
4483391
4483392
4483393
4483394
4483395
4483396
4483397
4483398
4483399
4483400
4483401
4483402
4483403
4483404
4483405
4483406
4483407
4483408
4483409
4483410
4483411
4483412
4483413
4483414
4483415
4483416
4483417
4483418
4483419
4483420
4483421
4483422
4483423
4483424
4483425
4483426
4483427
4483428
4483429
4483430
4483431
4483432
4483433
4483434
4483435
4483436
4483437
4483438
4483439
4483440
4483441
4483442
4483443
4483444
4483445
4483446
4483447
4483448
4483449
4483450
4483451
4483452
4483453
4483454
4483455
4483456
4483457
4483460
4483461
4483462
4483463
4483464
4483465
4483466
4483467
4483468
4483469
4483470
4483471
4483472
4483473
4483474
4483475
4483476
4483477
4483478
4483479
4483480
4483481
4483482
4483483
4483484
4483485
4483486
4483487
4483488
4483489
4483490
4483491
4483492
4483493
4483494
4483495
4483496
4483497
4483498
4483499
4483500
4483501
4483502
4483503
4483504
4483505
4483506
4483507
4483508
4483509
4483510
4483511
4483512
4483513
4483514
4483515
4483516
4483517
4483518
4483519
4483520
4483521
4483522
4483523
4483524
4483525
4483526
4483527
4483528
4483529
4483530
4483531
4483532
4483533
4483534
4483535
4483536
4483537
4483538
4483539
4483540
4483541
4483542
4483543
4483544
4483560
4483561
4483562
4483563
4483564
4483565
4483566
4483567
4483568
4483569
4483570
4483571
4483572
4483573
4483574
4483575
4483576
4483577
4483578
4483579
4483580
4483581
4483582
4483583
4483584
4483585
4483586
4483587
4483588
4483589
4483590
4483591
4483592
4483593
4483594
4483595
4483596
4483597
4483598
4483599
4483600
4483601
4483602
4483603
4483604
4483605
4483606
4483607
4483608
4483609
4483610
4483611
4483612
4483613
4483614
4483615
4483616
4483617
4483618
4483619
4483620
4483621
4483622
4483623
4483624
4483625
4483626
4483627
4483628
4483629
4483630
4483631
4483632
4483633
4483634
4483635
4483636
4483637
4483638
4483639
4483640
4483641
4483642
4483643
4483644
4483657
4483658
4483659
4483660
4483661
4483662
4483663
4483664
4483665
4483666
4483667
4483668
4483669
4483670
4483671
4483672
4483673
4483674
4483675
4483676
4483677
4483678
4483679
4483680
4483681
4483682
4483683
4483684
4483685
4483686
4483687
4483688
4483689
4483690
4483691
4483692
4483693
4483694
4483695
4483696
4483697
4483698
4483699
4483700
4483701
4483702
4483703
4483704
4483705
4483706
4483707
4483708
4483709
4483710
4483711
4483712
4483713
4483714
4483715
4483716
4483717
4483718
4483719
4483720
4483721
4483722
4483723
4483724
4483725
4483726
4483727
4483728
4483729
4483730
4483731
4483732
4483733
4483734
4483735
4483736
4483737
4483738
4483739
4483740
4483741
4483745
4483746
4483747
4483748
4483749
4483750
4483751
4483752
4483753
4483754
4483755
4483756
4483757
4483758
4483759
4483760
4483761
4483762
4483763
4483764
4483765
4483766
4483767
4483768
4483769
4483770
4483771
4483772
4483773
4483774
4483775
4483776
4483777
4483778
4483779
4483780
4483781
4483782
4483783
4483784
4483785
4483786
4483787
4483788
4483789
4483790
4483791
4483792
4483793
4483794
4483795
4483796
4483797
4483798
4483799
4483800
4483801
4483802
4483803
4483804
4483805
4483806
4483807
4483808
4483809
4483810
4483811
4483812
4483813
4483814
4483815
4483816
4483817
4483818
4483819
4483820
4483821
4483822
4483823
4483824
4483825
4483826
4483827
4483828
4483829
4483856
4483857
4483858
4483859
4483860
4483861
4483862
4483863
4483864
4483865
4483866
4483867
4483868
4483869
4483870
4483871
4483872
4483873
4483874
4483875
4483876
4483877
4483878
4483879
4483880
4483881
4483882
4483883
4483884
4483885
4483886
4483887
4483888
4483889
4483890
4483891
4483892
4483893
4483894
4483895
4483896
4483897
4483898
4483899
4483900
4483901
4483902
4483903
4483904
4483905
4483906
4483907
4483908
4483909
4483910
4483911
4483912
4483913
4483914
4483915
4483916
4483917
4483918
4483919
4483920
4483921
4483922
4483923
4483924
4483925
4483926
4483927
4483928
4483929
4483930
4483931
4483932
4483933
4483934
4483935
4483936
4483937
4483938
4483939
4483940
4483956
4483957
4483958
4483959
4483960
4483962
4483963
4483964
4483965
4483966
4483967
4483968
4483969
4483970
4483971
4483972
4483973
4483974
4483975
4483976
4483977
4483978
4483979
4483980
4483981
4483982
4483983
4483984
4483985
4483986
4483987
4483988
4483989
4483990
4483991
4483992
4483993
4483994
4483995
4483996
4483997
4483998
4483999
4484000
4484001
4484002
4484003
4484004
4484005
4484006
4484007
4484008
4484009
4484010
4484011
4484012
4484013
4484014
4484015
4484016
4484017
4484018
4484019
4484020
4484021
4484022
4484023
4484024
4484025
4484026
4484027
4484028
4484029
4484030
4484031
4484032
4484033
4484034
4484035
4484036
4484037
4484038
4484039
4484040
4484041
4484080
4484081
4484082
4484083
4484084
4484087
4484088
4484089
4484090
4484091
4484092
4484093
4484094
4484095
4484096
4484097
4484098
4484099
4484100
4484101
4484102
4484103
4484104
4484105
4484106
4484107
4484108
4484109
4484110
4484111
4484112
4484113
4484114
4484115
4484116
4484117
4484119
4484120
4484121
4484122
4484123
4484124
4484125
4484126
4484127
4484128
4484129
4484130
4484131
4484132
4484133
4484134
4484135
4484136
4484137
4484138
4484139
4484140
4484141
4484142
4484143
4484144
4484145
4484146
4484147
4484148
4484149
4484150
4484151
4484152
4484153
4484154
4484155
4484156
4484157
4484158
4484159
4484160
4484161
4484162
4484163
4484164
4484165
4484166
4484167
4484544
4484551
4484553
4484554
4484556
4484557
4484558
4484559
4484561
4484562
4484563
4484565
4484566
4484567
4484568
4484570
4484571
4484572
4484573
4484575
4484576
4484577
4484579
4484580
4484581
4484582
4484584
4484585
4484586
4484592
4484595
4484596
4484597
4484599
4484600
4484601
4484602
4484604
4484605
4484606
4484608
4484609
4484610
4484611
4484613
4484614
4484615
4484616
4484618
4484619
4484620
4484622
4484623
4484624
4484625
4484627
4484631
4484636
4484641
4484642
4484643
4484644
4484646
4484647
4484648
4484649
4484651
4484652
4484653
4484655
4484656
4484657
4484658
4484660
4484661
4484662
4484664
4484665
4484666
4484667
4484669
4484670
4484671
4484672
4484674
4485054
4485055
4485056
4485057
4485058
4485059
4485060
4485061
4485062
4485063
4485064
4485065
4485066
4485067
4485068
4485069
4485070
4485071
4485072
4485073
4485074
4485075
4485076
4485077
4485078
4485079
4486602
4486603
4486604
4486605
4486606
4486607
4486608
4486609
4486610
4486611
4486612
4486613
4486614
4486615
4486616
4486617
4486618
4486619
4486620
4486621
4486622
4486623
