4490159
4490160
4490161
4490163
4490164
4490165
4490166
4490167
4490169
4490170
4490171
4490172
4490174
4490175
4490176
4490177
4490179
4490180
4490181
4490182
4490184
4490185
4490186
4490187
4490189
4490190
4490191
4490193
4490195
4490196
4490197
4490198
4490199
4490201
4490202
4490203
4490204
4490206
4490207
4490208
4490210
4490211
4490212
4490213
4490215
4490216
4490217
4490218
4490220
4490221
4490222
4490223
4490224
4490226
4490227
4490228
4490229
4490231
4490232
4490233
4490234
4490236
4490237
4490238
4490239
4490241
4490242
4490243
4490244
4490246
4490247
4490248
4490249
4490251
4490252
4490253
4490254
4490256
4490257
4490258
4490259
4490261
4490262
4490263
4490264
4490265
4490267
4490268
4490269
4490270
4490272
4490273
4490274
4490275
4490277
4490418
4490419
4490420
4490421
4490422
4490423
4490424
4490425
4490426
4490427
4490428
4490429
4490430
4490431
4490432
4490433
4490434
4490435
4490436
4490437
4490438
4490439
4490440
4490441
4490442
4490443
4490444
4490445
4490446
4490447
4490448
4490449
4490450
4490451
4490452
4490453
4490454
4490455
4490456
4490457
4490458
4490459
4490460
4490461
4490462
4490463
4490464
4490465
4490466
4490467
4490468
4490469
4490470
4490471
4490472
4490473
4490474
4490475
4490476
4490477
4490478
4490479
4490480
4490481
4490482
4490483
4490484
4490485
4490486
4490487
4490488
4490489
4490490
4490491
4490492
4490493
4490494
4490495
4490496
4490497
4490498
4490499
4490500
4490501
4490502
4490503
4490504
4490505
4490506
4490507
4490508
4490509
4490510
4490511
4490512
4490524
4490525
4490526
4490527
4490528
4490529
4490530
4490531
4490532
4490533
4490534
4490535
4490536
4490537
4490538
4490539
4490540
4490541
4490542
4490543
4490544
4490545
4490546
4490547
4490548
4490549
4490550
4490551
4490552
4490553
4490554
4490555
4490556
4490557
4490558
4490559
4490560
4490561
4490562
4490563
4490564
4490565
4490566
4490567
4490568
4490569
4490570
4490571
4490572
4490573
4490574
4490575
4490576
4490577
4490578
4490579
4490580
4490581
4490582
4490583
4490584
4490585
4490586
4490587
4490588
4490589
4490590
4490591
4490592
4490593
4490594
4490595
4490596
4490597
4490598
4490599
4490600
4490601
4490602
4490603
4490604
4490605
4490606
4490607
4490608
4490609
4490610
4490611
4490612
4490613
4490614
4490615
4490616
4490617
4490618
4490721
4490722
4490723
4490724
4490725
4490726
4490727
4490728
4490729
4490730
4490731
4490732
4490733
4490734
4490735
4490736
4490737
4490738
4490739
4490740
4490741
4490742
4490743
4490744
4490745
4490746
4490747
4490748
4490749
4490750
4490751
4490752
4490753
4490754
4490755
4490756
4490757
4490758
4490759
4490760
4490761
4490762
4490763
4490764
4490765
4490766
4490767
4490768
4490769
4490770
4490771
4490772
4490773
4490774
4490775
4490776
4490777
4490778
4490779
4490780
4490781
4490782
4490783
4490784
4490785
4490786
4490787
4490788
4490789
4490790
4490791
4490792
4490793
4490794
4490795
4490796
4490797
4490798
4490799
4490800
4490801
4490802
4490803
4490804
4490806
4490807
4490809
4490811
4490813
4490815
4490817
4490818
4490820
4490822
4490824
4491003
4491004
4491005
4491006
4491007
4491008
4491009
4491010
4491011
4491012
4491013
4491014
4491015
4491016
4491017
4491018
4491019
4491020
4491021
4491022
4491023
4491024
4491025
4491026
4491027
4491028
4491029
4491030
4491031
4491032
4491033
4491034
4491035
4491036
4491037
4491038
4491039
4491040
4491041
4491042
4491043
4491044
4491045
4491046
4491047
4491048
4491049
4491050
4491051
4491052
4491053
4491054
4491055
4491056
4491057
4491058
4491059
4491060
4491061
4491062
4491063
4491064
4491065
4491066
4491067
4491068
4491069
4491070
4491071
4491072
4491073
4491074
4491075
4491076
4491077
4491078
4491079
4491080
4491081
4491082
4491083
4491084
4491085
4491086
